6666666666666666666666666666666666666666
6                                      6
6             _____                    6
6       |   |   |                      6
6       |___|   |                      6
6       |   | __|___                   6 
6                                      6
6                                      6
6                                      6
6                                      6
6                                      6
6                                      6 
6                                      6
6                                      6 
6                                      6
6                                      6
6666666666666666666666666666666666666666
